dist	len	time	scanned	reached	inserted	decreased	
797769	667	0.212	51097	136308	51292	9092	
502105	392	0.125	17467	43866	17500	2805	
574039	407	0.178	37129	101952	37203	7715	
608306	454	0.152	27927	76266	28021	5817	
691864	582	0.144	23899	61146	23898	4114	
292734	175	0.091	4196	10006	4248	489	
75350	60	0.083	510	1161	523	67	
359354	400	0.111	11479	32785	11497	3151	
705688	570	0.207	46760	137212	46780	12503	
110814	110	0.084	1233	3045	1249	214	
546241	371	0.123	16594	42252	16605	2689	
717966	451	0.192	42912	118221	42953	8800	
617018	451	0.141	22987	66171	23028	5778	
345538	215	0.126	18688	48836	18714	2950	
357139	304	0.105	9304	24524	9304	1987	
630042	395	0.159	30268	81143	30310	5789	
715301	552	0.222	52483	152173	52495	13114	
743744	585	0.207	48424	126013	48430	8116	
166982	122	0.088	3131	8352	3176	567	
609579	346	0.139	22111	58515	22119	4430	
366916	308	0.109	11113	34529	11130	3449	
228644	218	0.103	8436	26785	8498	2798	
664080	476	0.142	22562	66047	22625	6691	
723166	634	0.243	60473	173176	60487	14787	
444129	388	0.133	20024	59637	20042	5599	
602248	440	0.175	36083	101738	36110	8630	
332541	171	0.096	6109	16696	6150	1371	
996091	803	0.189	38985	107620	39015	9475	
408654	313	0.135	20920	63049	20933	6306	
142055	114	0.083	945	2203	949	166	
381575	330	0.127	17667	49021	17718	3916	
650565	528	0.122	15863	43869	15865	3829	
649385	459	0.227	56154	157036	56217	12283	
429724	318	0.122	15919	43399	15943	3554	
1001971	811	0.241	61063	162687	61185	11283	
919831	738	0.195	42411	121188	42446	10922	
368923	367	0.120	15039	45970	15169	4373	
290512	150	0.087	2654	5941	2656	218	
602175	368	0.116	14240	35891	14313	2064	
407518	378	0.098	7060	18348	7098	1194	
718477	490	0.131	19737	51285	19750	3455	
470339	400	0.101	7006	20570	7067	2060	
561873	484	0.133	20995	57764	21158	4066	
371513	283	0.108	10524	28420	10569	2294	
339915	240	0.100	7936	19888	7972	1075	
606549	540	0.137	21142	60300	21165	5425	
630963	466	0.150	26850	72293	26897	5451	
738498	517	0.182	38115	103653	38149	8525	
454156	198	0.110	12009	28939	12016	1364	
762053	652	0.223	52473	153942	52502	14052	
312345	174	0.091	4393	10459	4423	477	
300271	239	0.097	6386	16129	6423	1142	
801792	564	0.250	63504	187528	63708	17120	
624013	656	0.169	32059	98814	32066	10292	
822492	588	0.181	37211	105859	37249	9987	
516489	491	0.146	24314	73229	24326	7113	
426508	375	0.145	24209	74103	24370	6993	
532041	427	0.146	23714	72882	23727	7486	
280390	211	0.092	4393	11992	4403	1157	
283410	216	0.091	3968	10084	3977	769	
829686	514	0.201	45126	126125	45156	10680	
580696	324	0.124	17129	45473	17168	3101	
29383	20	0.082	142	294	143	16	
234708	202	0.091	3653	10204	3658	1033	
593578	552	0.104	8576	24131	8590	2228	
983435	671	0.217	49806	138895	49814	12239	
527798	448	0.132	18385	53398	18391	5953	
361227	251	0.105	9865	24760	9882	1427	
307271	255	0.101	7839	21304	7839	1966	
492743	344	0.126	16932	45061	16943	3513	
551375	359	0.142	24574	63092	24576	3705	
1036020	965	0.204	47552	135934	47861	11552	
799398	727	0.183	36301	106518	36347	10807	
344105	401	0.109	10164	32610	10171	4195	
514984	422	0.131	19034	52462	19078	4371	
876988	524	0.169	35698	89083	35711	5057	
725301	467	0.145	25914	65018	26021	3418	
571872	509	0.159	29416	89772	29432	8705	
108676	57	0.083	645	1571	667	87	
460018	441	0.129	18217	53790	18327	4909	
340520	278	0.104	9171	25267	9204	2001	
905369	723	0.164	30138	85824	30144	8132	
553007	364	0.120	14788	42089	15157	3550	
482784	422	0.149	25992	77631	26075	7097	
837599	773	0.193	42873	124702	43017	11028	
632759	450	0.144	24171	71843	24181	6943	
355060	225	0.117	14669	37640	14677	2226	
896401	696	0.219	52103	148818	52157	12233	
537445	366	0.126	18444	46198	18510	2482	
202166	206	0.101	8039	22170	8047	1698	
326304	279	0.121	15776	46615	15936	4097	
522119	372	0.152	27652	77636	27664	6422	
483351	192	0.094	5980	13840	6012	521	
512450	355	0.121	16215	40250	16228	2277	
378683	459	0.104	8454	22907	8485	2153	
185208	133	0.086	2181	5472	2190	423	
407810	240	0.104	9865	23239	9869	1026	
254671	217	0.099	7257	21227	7262	1919	
304720	201	0.091	3833	8990	3846	422	
778714	595	0.257	68297	184660	68422	13079	
271730	189	0.091	3992	9279	3992	451	
709767	553	0.145	24285	69611	24305	6328	
779080	518	0.207	47424	135787	47490	12111	
380113	296	0.126	17326	49779	17439	4256	
660291	539	0.187	39854	116683	39867	10387	
371987	374	0.130	18356	53285	18375	5037	
561707	473	0.160	30581	83810	30618	6353	
302820	213	0.101	7906	22337	7955	1794	
824909	571	0.199	43881	124871	43900	11486	
330283	229	0.102	8830	21931	8830	1135	
569925	400	0.139	22472	57084	22498	3526	
655488	527	0.136	20038	57383	20052	5488	
186610	169	0.086	1933	4618	1980	278	
242119	213	0.089	3138	8595	3139	766	
473103	329	0.152	27409	78076	27416	6583	
151637	90	0.084	1202	2736	1204	129	
467838	367	0.108	10850	28654	10860	1928	
646082	561	0.152	26824	76886	26853	6870	
496259	453	0.127	17523	51259	17545	5129	
302766	322	0.103	8505	25048	8512	2268	
324897	249	0.108	10455	30104	10491	2672	
822127	775	0.194	42753	123908	42907	11141	
429452	288	0.105	9590	22619	9597	1193	
735153	613	0.180	38786	103916	38920	7142	
121736	133	0.084	1243	3514	1257	381	
707850	556	0.182	38239	104194	38276	8715	
547669	393	0.147	24783	73330	24792	6887	
423945	363	0.140	22255	67293	22350	6383	
151726	178	0.088	2563	6735	2608	505	
115939	85	0.086	1777	4890	1813	378	
658550	345	0.116	14728	36000	14768	1830	
48428	38	0.082	299	674	316	34	
284768	249	0.096	5679	14941	5712	1277	
664766	483	0.138	21648	60374	21667	5171	
704104	593	0.131	19518	51677	19528	4058	
544170	366	0.140	22988	66227	23157	5482	
889021	704	0.214	51421	151399	51602	12875	
766298	534	0.197	43106	119866	43110	10219	
546421	311	0.188	43663	119017	43878	6928	
669175	348	0.123	15928	41540	15951	3139	
701161	598	0.232	56566	162765	56733	13923	
495772	331	0.120	15724	40607	15727	2841	
876418	593	0.237	58678	157490	58683	11795	
588099	448	0.138	22111	58657	22146	4286	
214272	143	0.084	1295	2649	1298	89	
504308	373	0.178	38290	104083	38311	7230	
586672	388	0.185	42220	114775	42521	7323	
535171	428	0.130	19901	53302	19984	3838	
198339	142	0.088	2777	6547	2790	292	
21203	23	0.082	124	267	130	22	
304838	265	0.094	5196	13593	5264	1155	
427554	221	0.124	16961	48850	17001	3908	
1128887	955	0.244	62517	177915	62783	15191	
517954	479	0.153	27398	80049	27402	7439	
611837	478	0.185	39982	111475	39995	9089	
881160	599	0.173	36429	97186	36492	6770	
450862	303	0.119	15402	39739	15428	2542	
536385	538	0.115	13175	38567	13181	3632	
408434	379	0.130	19411	50809	19416	3597	
314878	275	0.113	12946	36742	12983	2830	
345000	276	0.111	12153	34394	12256	2682	
1072027	909	0.296	81090	230666	81158	19447	
137251	131	0.087	2321	5995	2335	437	
600209	384	0.160	31476	84157	31498	5818	
375979	224	0.095	5769	15099	5799	1069	
543417	457	0.153	28723	77898	28819	5458	
567017	403	0.150	27314	73133	27346	5107	
755044	543	0.166	30401	87681	30533	8580	
235744	191	0.099	7302	20049	7341	1553	
393206	312	0.104	8861	24242	8870	2083	
951953	584	0.181	39744	105494	39790	7326	
1117744	814	0.234	56595	160817	56637	13853	
943729	729	0.302	80646	230370	80733	19487	
785031	616	0.226	55186	156838	55192	12768	
363542	400	0.111	11244	31804	11332	3093	
597501	447	0.142	23758	67431	23805	4863	
248248	203	0.093	4734	12028	4735	812	
867281	693	0.155	26172	75361	26213	7198	
458233	347	0.098	6572	16184	6598	1130	
555965	507	0.116	12755	38043	12757	4117	
714257	560	0.199	44148	127871	44177	11326	
760165	693	0.173	34341	99981	34345	9184	
488345	284	0.097	6680	16189	6716	821	
535743	324	0.103	9065	21550	9126	885	
671096	489	0.173	32539	95516	32592	10335	
464113	221	0.116	13879	39448	13886	3488	
331941	270	0.100	7828	19975	7837	1324	
630500	387	0.164	31625	91025	31679	8337	
337684	287	0.098	7104	17577	7120	1113	
476229	404	0.133	20459	57224	20556	4503	
503758	356	0.124	16723	49800	16740	4891	
453654	389	0.126	17276	47615	17313	3654	
400583	363	0.121	15246	44086	15313	3865	
910411	612	0.225	57996	153597	58046	9630	
815524	633	0.206	51201	138524	51539	9047	
501879	336	0.109	11091	27604	11103	1692	
368137	254	0.126	18210	50561	18404	3520	
473966	358	0.112	12775	31353	12776	1719	
504809	400	0.106	9332	25576	9360	2159	
980999	732	0.307	85611	234131	85714	17706	
