dist	len	time	scanned	reached	inserted	decreased	
797769	667	0.391	211120	593427	211625	28421	
502105	392	0.297	153638	435267	154078	22354	
574039	407	0.304	158383	446748	159058	21119	
608306	454	0.165	81897	226468	82230	10817	
691864	582	0.310	165712	467988	166087	23849	
292734	175	0.078	27359	71010	27598	2716	
75350	60	0.045	5228	14268	5396	713	
359354	400	0.265	131619	394048	132290	22035	
705688	570	0.381	205708	587217	206223	30057	
110814	110	0.058	13245	38881	13502	2140	
546241	371	0.334	174783	495025	175186	24085	
717966	451	0.430	232686	654603	233069	32086	
617018	451	0.402	215096	610600	215502	30635	
345538	215	0.143	65964	174935	66478	6979	
357139	304	0.193	94086	262856	94577	12774	
630042	395	0.454	241243	677998	241656	33017	
715301	552	0.409	219543	625170	220153	31542	
743744	585	0.389	209231	588747	209689	28149	
166982	122	0.060	15253	43959	15462	2465	
609579	346	0.169	84444	232839	84778	10960	
366916	308	0.238	117454	337950	118101	18169	
228644	218	0.131	55323	167984	56016	10388	
664080	476	0.313	166239	487287	166825	26165	
723166	634	0.375	203139	581325	203674	29475	
444129	388	0.325	165752	487870	166480	26344	
602248	440	0.262	136726	404671	137305	22231	
332541	171	0.150	69447	190459	69752	8697	
996091	803	0.445	246212	687894	246528	32957	
408654	313	0.229	111822	342435	112600	20255	
142055	114	0.074	23084	69691	23421	3860	
381575	330	0.184	89294	243574	89758	10897	
650565	528	0.166	81218	226696	81853	10922	
649385	459	0.376	201752	576729	202203	29253	
429724	318	0.164	79212	215888	79600	9612	
1001971	811	0.357	195081	556210	195500	28504	
919831	738	0.380	207063	586902	207458	29474	
368923	367	0.186	88015	273915	88761	16793	
290512	150	0.075	24932	62448	25234	2047	
602175	368	0.420	223457	630273	224004	30511	
407518	378	0.298	149974	434711	150606	22950	
718477	490	0.473	252884	706831	253086	34131	
470339	400	0.236	118636	356413	119132	20202	
561873	484	0.397	208655	591090	209121	29103	
371513	283	0.258	127434	368609	127986	19789	
339915	240	0.119	52210	135831	52564	5146	
606549	540	0.295	154949	455947	155495	25124	
630963	466	0.429	228579	642718	229075	30788	
738498	517	0.331	176100	499643	176739	24298	
454156	198	0.103	43851	112481	44107	3697	
762053	652	0.394	211548	594261	212023	28328	
312345	174	0.131	58465	154188	58976	6240	
300271	239	0.151	69015	191412	69452	8828	
801792	564	0.449	243754	682410	243989	33279	
624013	656	0.367	193076	549435	193378	28115	
822492	588	0.298	160300	458893	160752	23840	
516489	491	0.257	132374	377153	132831	19661	
426508	375	0.192	93775	285870	94120	16421	
532041	427	0.340	175415	513774	176043	27789	
280390	211	0.129	56732	169160	56972	9674	
283410	216	0.211	97385	295429	98170	17155	
829686	514	0.392	211300	592940	211690	28205	
580696	324	0.137	65165	172482	65540	6383	
29383	20	0.038	559	1465	628	58	
234708	202	0.156	68206	208951	69019	12601	
593578	552	0.430	227650	642533	228032	31469	
983435	671	0.445	245866	686955	246085	32611	
527798	448	0.353	182073	526487	182797	27090	
361227	251	0.179	84205	246786	84961	13268	
307271	255	0.163	75562	211626	76068	10186	
492743	344	0.193	96400	267413	96870	12730	
551375	359	0.207	103815	279598	104319	12075	
1036020	965	0.461	256177	713758	256333	33877	
799398	727	0.416	226836	639955	227239	31540	
344105	401	0.250	120983	360324	121772	20399	
514984	422	0.381	198079	563623	198655	28049	
876988	524	0.445	243515	680358	243916	32323	
725301	467	0.242	124740	341909	125164	15600	
571872	509	0.346	181564	516270	181988	26444	
108676	57	0.044	5061	13052	5206	460	
460018	441	0.337	171792	503136	172568	26431	
340520	278	0.152	70912	190750	71347	7896	
905369	723	0.427	234437	657449	234759	32206	
553007	364	0.201	101848	279544	102233	12950	
482784	422	0.186	92047	280921	92319	16283	
837599	773	0.348	188577	538567	189038	27672	
632759	450	0.427	225339	635329	225659	31264	
355060	225	0.125	56043	148336	56414	5413	
896401	696	0.466	256351	714782	256484	34548	
537445	366	0.231	118889	331923	119392	16545	
202166	206	0.112	45359	136397	45796	7594	
326304	279	0.177	81653	255909	82433	15574	
522119	372	0.238	121254	360892	121712	20162	
483351	192	0.085	32468	79157	32750	2126	
512450	355	0.285	147111	414609	147722	20569	
378683	459	0.290	144717	422616	145464	22398	
185208	133	0.091	33829	90987	34322	3918	
407810	240	0.166	80250	214599	80790	9014	
254671	217	0.108	43721	126927	44244	6227	
304720	201	0.067	20424	52824	20647	1925	
778714	595	0.323	174310	507885	174861	27080	
271730	189	0.156	71622	199803	72205	9615	
709767	553	0.295	156173	457696	156788	24828	
779080	518	0.469	253940	707904	254154	33876	
380113	296	0.181	86192	264877	86482	15376	
660291	539	0.347	185022	521662	185475	26191	
371987	374	0.126	56172	166572	56359	9214	
561707	473	0.216	107795	307492	108379	15570	
302820	213	0.112	47561	133355	48119	6121	
824909	571	0.363	197159	561692	197605	28630	
330283	229	0.152	70491	194220	70934	8868	
569925	400	0.279	146214	411937	146654	21215	
655488	527	0.456	243637	683939	244014	33182	
186610	169	0.067	20180	56951	20469	3005	
242119	213	0.105	42068	121445	42326	6363	
473103	329	0.290	148528	423010	149350	21039	
151637	90	0.054	11901	30738	12211	1057	
467838	367	0.334	170403	493989	171165	25918	
646082	561	0.446	238103	669794	238442	32744	
496259	453	0.320	166578	485284	167106	26101	
302766	322	0.211	99827	305585	100588	18213	
324897	249	0.168	77645	229870	78411	12470	
822127	775	0.346	187795	536349	188208	27572	
429452	288	0.176	85623	226768	86029	9189	
735153	613	0.270	140137	397988	140737	19525	
121736	133	0.055	11240	36565	11507	2427	
707850	556	0.437	236114	664357	236537	32624	
547669	393	0.245	126470	354728	126904	17995	
423945	363	0.183	88946	272268	89243	15879	
151726	178	0.078	25667	75007	25949	4170	
115939	85	0.058	12948	40823	13209	2262	
658550	345	0.114	50781	128822	51175	4412	
48428	38	0.041	2664	7272	2798	340	
284768	249	0.173	80711	229975	81325	11879	
664766	483	0.403	214909	608324	215222	30424	
704104	593	0.261	135150	383232	135673	18687	
544170	366	0.357	187838	542819	188383	28408	
889021	704	0.458	251987	703449	252180	33629	
766298	534	0.402	217115	611675	217439	29586	
546421	311	0.208	104866	315735	105204	17739	
669175	348	0.456	244080	683316	244352	32578	
701161	598	0.300	160010	470035	160616	25606	
495772	331	0.223	112450	311051	112995	15211	
876418	593	0.431	236868	664957	237127	32691	
588099	448	0.375	198282	561388	198787	27365	
214272	143	0.110	45665	123990	46081	5615	
504308	373	0.358	186159	532995	186625	27663	
586672	388	0.234	118819	338997	119397	17352	
535171	428	0.299	156542	443757	156929	22767	
198339	142	0.058	14008	34661	14241	916	
21203	23	0.038	756	2418	840	147	
304838	265	0.224	107108	322985	107750	18639	
427554	221	0.208	103701	283941	104220	12756	
1128887	955	0.416	230949	651871	231270	32434	
517954	479	0.238	120627	362837	121138	20625	
611837	478	0.329	172788	492577	173327	24864	
881160	599	0.467	255529	711546	255681	33402	
450862	303	0.128	58700	158661	58995	7177	
536385	538	0.401	209575	596154	210182	29987	
408434	379	0.188	91821	249886	92253	10816	
314878	275	0.174	81453	226332	82035	10879	
345000	276	0.205	98482	289778	99314	15522	
1072027	909	0.432	241101	678535	241413	33445	
137251	131	0.065	17651	54066	18055	3558	
600209	384	0.200	101911	286951	102351	14296	
375979	224	0.245	121192	349294	121790	18941	
543417	457	0.118	53296	143493	53550	6426	
567017	403	0.135	63296	172002	63604	7914	
755044	543	0.410	223093	629910	223487	31176	
235744	191	0.130	56847	156351	57307	7281	
393206	312	0.139	64316	175289	64650	7766	
951953	584	0.326	176695	505738	177110	26243	
1117744	814	0.434	240436	672900	240619	32794	
943729	729	0.434	240456	675425	240840	32790	
785031	616	0.375	201687	572260	201956	28997	
363542	400	0.133	59780	178477	60048	10129	
597501	447	0.249	128447	350948	129068	15579	
248248	203	0.159	71265	216944	72014	12944	
867281	693	0.426	234918	661345	235369	32136	
458233	347	0.190	93852	254937	94383	11276	
555965	507	0.262	136186	404833	136677	22503	
714257	560	0.389	210813	599838	211311	30325	
760165	693	0.444	241812	678164	242163	32842	
488345	284	0.090	35361	86860	35696	2433	
535743	324	0.343	179503	509630	179967	25103	
671096	489	0.286	151121	445072	151694	24454	
464113	221	0.358	184948	535078	185626	27849	
331941	270	0.196	94317	266284	94907	13444	
630500	387	0.452	241362	677211	241939	32477	
337684	287	0.143	66603	176501	66943	7203	
476229	404	0.298	152826	433846	153518	21349	
503758	356	0.249	128133	361261	128582	18631	
453654	389	0.275	139828	397014	140650	19809	
400583	363	0.134	61449	184381	61724	10304	
910411	612	0.385	211153	600096	211518	29906	
815524	633	0.338	183323	529910	183924	27823	
501879	336	0.381	197785	564591	198395	28443	
368137	254	0.147	67484	193752	68127	10088	
473966	358	0.218	109830	301041	110491	13622	
504809	400	0.288	148132	416578	148686	20449	
980999	732	0.404	223838	632157	224206	31161	
