200
115819
45193
235302
80643
116716
90925
12633
197361
164032
169110
107564
200332
202907
230314
125341
56771
212701
92904
218261
57064
131447
25194
170537
161627
142239
174135
71917
95365
149722
164629
32713
1196
209822
58802
81839
117325
149727
94472
105474
49414
54369
213038
40534
48064
234139
165875
104835
237627
258779
113883
30346
125882
139077
256015
78296
72103
165805
150213
167469
51182
105630
255314
107510
51107
49771
244481
223565
254630
129740
64694
94832
184110
68519
135366
22961
93446
92028
127796
66728
141595
241679
97075
58264
171544
88745
136560
243647
45338
77561
201903
151652
183191
192872
49950
25085
33430
30086
248650
78848
159827
104131
173680
134724
172651
99833
157685
1752
246993
76268
123612
124243
53602
220687
182507
15933
100220
54723
50368
200690
187416
252271
87997
106262
235931
137947
131347
60148
168034
170785
138996
118648
10571
103463
253372
238354
203296
201844
240106
185945
13767
154506
100975
122501
110848
19138
138435
1855
128993
243935
202545
52064
231861
81330
213458
258579
10064
80460
54383
233230
42032
248511
87533
52604
87630
131692
81745
81713
69191
112639
58445
82958
2800
159421
260592
168780
233691
134682
170636
98339
169404
163968
205535
192052
36085
154648
186287
46150
25895
31457
15035
67928
15623
157701
175664
158385
25048
257409
30886
94240
160835
89331
232330
163635
39539
228577
68071
8885
154046
29494
162356
59105
193462
103546
251158
20335
258194
228232
66485
74877
50476
136652
142805
121231
30008
109256
15272
55057
157452
46158
204429
53943
190621
227546
217578
230161
246911
21304
29833
191744
105930
192190
41637
90180
31391
28450
110515
80373
47469
232132
155250
97945
104439
88842
219176
134448
198098
25235
244637
146337
126525
184721
200280
107934
203054
153514
73750
185620
229950
103583
113020
71536
86560
154657
216848
117952
238239
63018
253457
76495
30805
199494
174440
190376
23991
184403
60479
12876
426
95903
159213
126951
16279
95149
234885
219334
39450
99422
195741
60187
258138
99548
131723
80353
254205
139358
198305
18886
202376
242549
95381
23968
177698
60608
214345
201689
35799
65611
5352
36225
161515
164566
163176
232926
50502
188849
243047
145084
23926
174444
205271
17719
9647
127782
98073
54640
2795
87165
128658
260304
65370
14827
19927
243068
75435
25059
235545
166366
90671
240897
202591
42973
196250
156555
11554
37539
81059
45389
182623
104985
219833
178682
177837
20267
42119
66697
130039
44914
153862
49485
40873
10019
64312
115933
43875
194879
140992
15075
96901
22450
46759
35147
65423
33797
191702
132110
71336
63548
177499
44747
223666
188119
223429
137158
263518
1203
258987
184345
101249
203636
233830
